5001 52 2635
5093 40 2017
5161 8 447
5183 12 639
5197 8 412
5235 9 496
5322 3 178
5374 4 227
5441 23 1181
5444 1 87
5578 48 2417
5607 15 796
5632 4 226
5704 3 177
5704 11 575
5729 121 6086
5971 52 2621
5977 95 4753
6058 16 820
6065 48 2448
6076 10 516
6076 105 5274
6081 4 227
6101 44 2213
6149 113 5681
6230 59 2977
6280 104 5227
6280 91 4593
6286 65 3258
6300 58 2946
6348 138 6948
6376 40 2049
6380 90 4532
6420 86 4340
6457 192 9631
6769 52 2613
6780 28 1431
8415 7 368
8553 69 3479
8680 133 6659
8687 286 14340
8714 90 4509
8769 336 16841
8799 142 7129
8799 73 3662
8873 97 4871
8897 92 4646
8936 51 2567
8936 51 2567
8957 192 9629
8994 164 8245
9024 79 3952
9040 15 783
9060 3 172
9075 213 10652
9207 118 5940
9269 108 5450
9345 167 8385
9379 256 12812
9403 2 118
9576 477 23852
9592 157 7878
9608 39 1987
9649 104 5204
9706 4 227
10602 116 5841
10610 203 10196
10634 137 6877
10635 61 3080
10849 17 900
10861 1 74
10893 23 1185
10913 25 1258
10928 36 1811
10951 26 1350
11027 231 11560
11150 98 4924
11182 177 8875
11215 115 5763
11219 74 3715
11235 105 5280
11528 56 2816
11720 82 4150
11726 94 4716
11765 79 3980
11802 235 11761
11895 124 6212
11935 108 5416
13779 259 12954
13787 18 942
13800 9 463
13800 35 1757
13872 3 199
14008 107 5388
14096 75 3795
14108 116 5841
14121 176 8830
14543 234 11750
14779 3 172
14782 85 4300
14784 58 2919
14805 265 13267
14828 167 8359
14902 80 4021
14909 133 6687
15289 10 502
15330 12 623
15872 33 1690
15954 255 12760
16060 2 142
16267 136 6821
16697 18 943
17174 20 1040
17239 244 12223
